   3.32472
   3.23906
   3.21622
   2.81891
   2.67449
   2.23588
   2.10687
   1.87455
   1.68910
   1.61207
   1.56240
   1.31696
   1.16661
   1.12221
   1.06358
   1.03185
   1.01097
   0.93902
   0.90867
   0.86747
   0.82843
   0.79595
   0.75433
   0.69163
   0.65786
   0.61610
   0.59766
   0.59578
   0.57520
   0.56735
   0.56269
   0.54210
   0.52296
   0.51470
   0.51390
   0.47815
   0.45714
   0.43811
   0.41932
   0.39163
   0.38267
   0.37754
   0.37043
   0.36496
   0.35934
   0.35220
   0.34876
   0.34772
   0.34312
   0.34129
   0.34020
   0.33663
   0.33315
   0.31946
   0.30496
   0.29950
   0.29626
   0.28951
   0.27370
   0.26091
   0.24213
   0.22138
   0.21703
   0.21559
   0.21361
   0.21044
   0.20697
   0.20247
   0.20054
   0.19861
   0.19574
   0.19349
   0.19203
   0.19064
   0.18204
   0.17571
   0.17432
   0.17155
   0.16807
   0.16634
   0.16553
   0.16358
   0.16274
   0.16170
   0.15937
   0.15622
   0.15291
   0.15165
   0.15055
   0.14897
   0.14736
   0.14633
   0.14550
   0.14426
   0.14316
   0.14240
   0.14117
   0.14045
   0.13968
   0.13853
